34010100
00200008
00000000
00000000
00000000
00000000
00000000
00000000
00000000
00000000
00000000
00000000
00000000
00000000
00000000
00000000
34018000
40018000
20210004
40818000
42000018
00000000
00000000
00000000
00000000
00000000
00000000
00000000
00000000
00000000
00000000
00000000
00000000
00000000
00000000
00000000
00000000
00000000
00000000
00000000
00000000
00000000
00000000
00000000
00000000
00000000
00000000
00000000
00000000
00000000
00000000
00000000
00000000
00000000
00000000
00000000
00000000
00000000
00000000
00000000
00000000
00000000
00000000
00000000
34011000
<<<<<<< HEAD
ac010004
34011001
8c010004
=======
ac010001
34011001
8c010001
>>>>>>> c5c9a98f2b7f7d2ed6d17cdcc703252b2f053ffc
34011100
08000045
00000000
